1    0.042661   3.481     170620482
2    0.018807   3.464     170620476
3    0.019726   3.362     170620478
4    0.019221   3.430     170620476
5    0.019852   3.409     170620476
6    0.019292   3.377     170620475
7    0.019299   3.456     170620476
8    0.018999   3.478     170620477
9    0.019112   3.478     170620477
10    0.019453   3.379     170620477
11    0.019638   3.383     170620476
12    0.019009   3.474     170620475
13    0.019544   3.398     170620478
14    0.019137   3.447     170620475
15    0.019394   3.376     170620476
16    0.019797   3.371     170620476
17    0.021725   3.348     170620477
18    0.019543   3.421     170620477
19    0.019577   3.422     170620477
20    0.019710   3.353     170620478
21    0.019710   3.419     170620475
22    0.018994   3.404     170620474
23    0.019299   3.433     170620475
24    0.019286   3.452     170620476
25    0.020531   3.437     170620475
26    0.019542   3.494     170620476
27    0.022467   3.352     170620479
28    0.020184   3.383     170620479
29    0.020765   3.371     170620476
30    0.020707   3.412     170620476
31    0.021831   3.360     170620477
32    0.020174   3.401     170620477
33    0.019712   3.412     170620476
34    0.020143   3.388     170620475
35    0.019711   3.366     170620476
36    0.019807   3.384     170620478
37    0.020283   3.362     170620477
38    0.020418   3.368     170620476
39    0.020305   3.394     170620477
40    0.020802   3.349     170620478
41    0.020544   3.352     170620477
42    0.020577   3.428     170620476
43    0.019890   3.372     170620475
44    0.019801   3.402     170620477
45    0.020089   3.423     170620478
46    0.019670   3.446     170620478
47    0.019886   3.437     170620480
48    0.019170   3.443     170620479
49    0.019424   3.380     170620477
50    0.020083   3.386     170620475
51    0.019623   3.436     170620476
52    0.019449   3.375     170620477
53    0.021140   3.339     170620478
54    0.022194   3.313     170620478
55    0.020609   3.332     170620475
56    0.022498   3.271     170620481
57    0.022120   3.262     170620480
58    0.021448   3.280     170620479
59    0.022264   3.310     170620480
60    0.020804   3.340     170620475
61    0.021605   3.322     170620479
62    0.021330   3.336     170620475
63    0.021300   3.345     170620477
64    0.021670   3.327     170620479
65    0.021283   3.362     170620476
66    0.021354   3.317     170620476
67    0.020651   3.361     170620478
68    0.020251   3.384     170620477
69    0.020203   3.365     170620475
70    0.020417   3.405     170620475
71    0.019839   3.412     170620477
72    0.020495   3.354     170620476
73    0.020350   3.427     170620477
74    0.020169   3.360     170620476
75    0.019908   3.369     170620476
76    0.020289   3.395     170620476
77    0.020202   3.446     170620478
78    0.021966   3.366     170620478
79    0.021454   3.387     170620478
80    0.020782   3.385     170620476
81    0.020702   3.401     170620477
82    0.019828   3.427     170620475
83    0.018861   3.456     170620473
84    0.020394   3.402     170620476
85    0.020050   3.359     170620477
86    0.020236   3.355     170620476
87    0.019205   3.414     170620475
88    0.020300   3.395     170620476
89    0.020788   3.362     170620478
90    0.020448   3.350     170620480
91    0.020671   3.344     170620478
92    0.020222   3.421     170620476
93    0.020388   3.403     170620480
94    0.020085   3.386     170620478
95    0.020960   3.373     170620477
96    0.019898   3.397     170620477
97    0.020672   3.347     170620478
98    0.020450   3.391     170620479
99    0.021477   3.364     170620479
100    0.021197   3.374     170620480
101    0.021484   3.362     170620476
102    0.020297   3.347     170620474
103    0.020697   3.373     170620475
104    0.021273   3.378     170620476
105    0.020636   3.407     170620477
106    0.020493   3.364     170620477
107    0.020664   3.341     170620477
108    0.020350   3.419     170620479
109    0.019917   3.424     170620478
110    0.020621   3.382     170620475
111    0.020598   3.364     170620477
112    0.020295   3.361     170620475
113    0.019454   3.382     170620477
114    0.020706   3.355     170620476
115    0.020133   3.405     170620476
116    0.020164   3.357     170620475
117    0.020366   3.354     170620477
118    0.019836   3.413     170620476
119    0.019799   3.366     170620476
120    0.019906   3.392     170620472
121    0.020076   3.370     170620475
122    0.021384   3.335     170620475
123    0.021473   3.294     170620477
124    0.021230   3.338     170620475
125    0.020895   3.355     170620476
126    0.021251   3.330     170620478
127    0.021915   3.291     170620478
128    0.022119   3.288     170620478
129    0.021948   3.289     170620476
130    0.022075   3.247     170620480
131    0.021969   3.242     170620480
132    0.021353   3.337     170620481
133    0.022016   3.267     170620477
134    0.020553   3.334     170620478
135    0.020674   3.312     170620475
136    0.021864   3.321     170620479
137    0.020686   3.326     170620484
138    0.021404   3.329     170620478
139    0.020321   3.368     170620476
140    0.021176   3.360     170620484
141    0.020462   3.349     170620476
142    0.020288   3.376     170620478
143    0.020928   3.337     170620481
144    0.020551   3.395     170620478
145    0.021298   3.369     170620477
146    0.020359   3.388     170620481
147    0.022361   3.273     170620479
148    0.021048   3.315     170620477
149    0.020339   3.399     170620476
150    0.020651   3.350     170620477
151    0.019929   3.395     170620479
152    0.020506   3.421     170620477
153    0.019901   3.372     170620476
154    0.020788   3.347     170620478
155    0.019899   3.454     170620478
156    0.019962   3.445     170620475
157    0.019920   3.416     170620476
158    0.020257   3.391     170620476
159    0.019664   3.451     170620476
160    0.020209   3.438     170620476
161    0.019526   3.371     170620475
162    0.020073   3.431     170620478
163    0.019700   3.427     170620475
164    0.019935   3.381     170620476
165    0.020062   3.365     170620476
166    0.020158   3.431     170620476
167    0.020081   3.371     170620478
168    0.019937   3.362     170620477
169    0.020232   3.354     170620476
170    0.019991   3.402     170620480
171    0.019797   3.371     170620476
172    0.020241   3.395     170620479
173    0.019923   3.362     170620476
174    0.019850   3.379     170620478
175    0.019825   3.435     170620478
176    0.020362   3.407     170620479
177    0.020247   3.351     170620479
178    0.019907   3.400     170620477
179    0.019335   3.442     170620475
180    0.019969   3.369     170620476
181    0.021838   3.330     170620478
182    0.020241   3.377     170620480
183    0.020634   3.404     170620478
184    0.020132   3.405     170620478
185    0.020321   3.374     170620478
186    0.020440   3.342     170620477
187    0.020036   3.390     170620477
188    0.020474   3.355     170620477
189    0.020105   3.380     170620477
190    0.020071   3.381     170620476
191    0.019178   3.466     170620476
192    0.020276   3.402     170620477
193    0.019622   3.373     170620479
194    0.020449   3.370     170620475
195    0.020283   3.362     170620474
196    0.019786   3.408     170620478
197    0.019286   3.496     170620478
198    0.019902   3.416     170620474
199    0.019330   3.371     170620476
200    0.020058   3.416     170620477
201    0.019791   3.391     170620477
202    0.019718   3.394     170620477
203    0.019192   3.379     170620475
204    0.020156   3.371     170620474
205    0.020115   3.365     170620478
206    0.020521   3.370     170620478
207    0.020006   3.362     170620476
208    0.020389   3.390     170620477
209    0.019874   3.355     170620478
210    0.020212   3.347     170620478
211    0.020166   3.414     170620481
212    0.020424   3.351     170620476
213    0.019437   3.363     170620477
214    0.020685   3.358     170620476
215    0.020727   3.390     170620479
216    0.020574   3.334     170620476
217    0.020409   3.396     170620476
218    0.020063   3.347     170620476
219    0.019634   3.417     170620479
220    0.020284   3.398     170620476
221    0.020611   3.370     170620477
222    0.020259   3.388     170620475
223    0.020163   3.366     170620476
224    0.020107   3.356     170620477
225    0.020298   3.370     170620478
226    0.019985   3.418     170620477
227    0.018680   3.489     170620474
228    0.019966   3.410     170620474
229    0.018966   3.425     170620476
230    0.020604   3.402     170620477
231    0.020970   3.347     170620476
232    0.020665   3.349     170620477
233    0.020047   3.411     170620476
234    0.019989   3.416     170620479
235    0.020494   3.348     170620478
236    0.020308   3.366     170620476
237    0.019479   3.435     170620476
238    0.020190   3.365     170620479
239    0.021503   3.334     170620478
240    0.021026   3.401     170620479
241    0.020952   3.405     170620476
242    0.021146   3.320     170620478
243    0.022605   3.335     170620479
244    0.020866   3.371     170620475
245    0.021196   3.329     170620476
246    0.021095   3.324     170620477
247    0.020765   3.345     170620474
248    0.021139   3.390     170620477
249    0.020045   3.412     170620478
250    0.020126   3.399     170620478
251    0.020890   3.390     170620478
252    0.020722   3.379     170620475
253    0.021278   3.360     170620478
254    0.021294   3.329     170620475
255    0.020789   3.372     170620480
256    0.019908   3.399     170620476
257    0.020585   3.358     170620477
258    0.020144   3.363     170620475
259    0.020071   3.410     170620478
260    0.019965   3.443     170620478
261    0.019240   3.377     170620475
262    0.020634   3.407     170620474
263    0.020639   3.408     170620476
264    0.021286   3.382     170620476
265    0.021189   3.382     170620476
266    0.021626   3.306     170620476
267    0.021636   3.305     170620478
268    0.021851   3.304     170620476
269    0.021162   3.346     170620478
270    0.021485   3.335     170620479
271    0.020626   3.422     170620478
272    0.020367   3.397     170620474
273    0.020607   3.357     170620476
274    0.019681   3.412     170620477
275    0.020993   3.335     170620477
276    0.020268   3.345     170620478
277    0.021118   3.346     170620477
278    0.020315   3.360     170620476
279    0.021068   3.406     170620478
280    0.022272   3.301     170620480
281    0.022061   3.309     170620475
282    0.022482   3.288     170620478
283    0.022079   3.314     170620478
284    0.021937   3.331     170620483
285    0.022537   3.293     170620482
286    0.021268   3.361     170620478
287    0.021007   3.316     170620484
288    0.021875   3.262     170620480
289    0.021605   3.333     170620478
290    0.019924   3.410     170620482
291    0.020084   3.364     170620477
292    0.020319   3.354     170620476
293    0.020712   3.347     170620478
294    0.020558   3.358     170620479
295    0.033813   3.347     170620479
296    0.019550   3.390     170620477
297    0.022230   3.343     170620478
298    0.021813   3.319     170620478
299    0.021364   3.338     170620477
300    0.021562   3.354     170620480
301    0.021904   3.286     170620476
302    0.021200   3.375     170620477
303    0.021749   3.349     170620476
304    0.021436   3.330     170620477
305    0.020985   3.365     170620477
306    0.021947   3.313     170620481
307    0.022734   3.278     170620475
308    0.021294   3.338     170620481
309    0.022712   3.279     170620479
310    0.021758   3.317     170620482
311    0.021917   3.304     170620482
312    0.021101   3.331     170620476
313    0.021404   3.326     170620478
314    0.020433   3.391     170620475
315    0.021156   3.346     170620478
316    0.019950   3.419     170620477
317    0.019503   3.433     170620477
318    0.021935   3.374     170620477
319    0.020838   3.394     170620478
320    0.020906   3.364     170620477
321    0.022821   3.311     170620477
322    0.021877   3.345     170620477
323    0.021619   3.303     170620477
324    0.021476   3.341     170620477
325    0.022271   3.318     170620482
326    0.021341   3.340     170620477
327    0.021598   3.321     170620478
328    0.022272   3.289     170620479
329    0.022825   3.299     170620478
330    0.021722   3.337     170620478
331    0.021769   3.322     170620476
332    0.021201   3.298     170620479
333    0.021763   3.327     170620480
334    0.021378   3.362     170620478
335    0.021625   3.354     170620477
336    0.021520   3.331     170620480
337    0.022040   3.317     170620481
338    0.022081   3.317     170620477
339    0.021479   3.338     170620474
340    0.021982   3.321     170620479
341    0.022484   3.308     170620477
342    0.021312   3.312     170620476
343    0.020858   3.398     170620476
344    0.020807   3.340     170620474
345    0.020512   3.376     170620478
346    0.020773   3.372     170620476
347    0.020683   3.387     170620479
348    0.020021   3.417     170620478
349    0.019997   3.391     170620479
350    0.020756   3.360     170620478
351    0.020069   3.427     170620475
352    0.020044   3.381     170620479
353    0.020077   3.367     170620476
354    0.020114   3.459     170620475
355    0.021376   3.345     170620477
356    0.021145   3.321     170620479
357    0.022836   3.288     170620478
358    0.022168   3.278     170620477
359    0.022471   3.257     170620478
360    0.022367   3.284     170620505
361    0.021193   3.305     170620479
362    0.020789   3.353     170620479
363    0.021839   3.305     170620481
364    0.022225   3.275     170620477
365    0.020773   3.312     170620479
366    0.021487   3.331     170620479
367    0.022196   3.288     170620476
368    0.020092   3.378     170620475
369    0.022429   3.283     170620479
370    0.020667   3.320     170620479
371    0.020850   3.298     170620475
372    0.020834   3.383     170620477
373    0.020267   3.370     170620477
374    0.020643   3.336     170620479
375    0.019846   3.419     170620477
376    0.020477   3.387     170620480
377    0.020205   3.407     170620477
378    0.020064   3.363     170620477
379    0.020333   3.361     170620478
380    0.020267   3.416     170620477
381    0.020414   3.410     170620474
382    0.020916   3.331     170620476
383    0.021817   3.335     170620476
384    0.020771   3.360     170620479
385    0.021185   3.342     170620478
386    0.020492   3.350     170620476
387    0.020975   3.395     170620478
388    0.021560   3.357     170620478
389    0.020395   3.400     170620478
390    0.021976   3.334     170620477
391    0.021526   3.346     170620476
392    0.021491   3.334     170620477
393    0.021671   3.372     170620477
394    0.020185   3.400     170620476
395    0.020603   3.394     170620476
396    0.020528   3.371     170620477
397    0.020499   3.384     170620478
398    0.020557   3.381     170620476
399    0.019633   3.467     170620474
400    0.019572   3.448     170620479
401    0.020363   3.356     170620477
402    0.020055   3.404     170620478
403    0.020973   3.386     170620477
404    0.022759   3.336     170620479
405    0.021759   3.326     170620480
406    0.020363   3.347     170620482
407    0.021050   3.353     170620478
408    0.020584   3.374     170620478
409    0.021983   3.335     170620478
410    0.019510   3.459     170620478
411    0.020094   3.365     170620476
412    0.020316   3.412     170620480
413    0.020747   3.351     170620478
414    0.020470   3.362     170620478
415    0.020023   3.429     170620476
416    0.020270   3.423     170620474
417    0.019568   3.445     170620475
418    0.019402   3.430     170620477
419    0.019818   3.434     170620476
420    0.022552   3.220     170620476
421    0.021958   3.301     170620480
422    0.020101   3.378     170620477
423    0.021736   3.351     170620475
424    0.020420   3.354     170620478
425    0.019554   3.451     170620474
426    0.020740   3.404     170620475
427    0.020101   3.366     170620477
428    0.020498   3.346     170620475
429    0.020019   3.411     170620480
430    0.021043   3.328     170620479
431    0.020940   3.360     170620476
432    0.020075   3.417     170620479
433    0.020040   3.364     170620476
434    0.020990   3.378     170620477
435    0.020215   3.413     170620476
436    0.019694   3.439     170620478
437    0.020097   3.356     170620476
438    0.020634   3.398     170620481
439    0.020266   3.366     170620477
440    0.020604   3.371     170620479
441    0.021419   3.347     170620477
442    0.020844   3.428     170620476
443    0.020105   3.390     170620477
444    0.021527   3.334     170620499
445    0.020094   3.421     170620477
446    0.020768   3.390     170620478
447    0.021144   3.361     170620475
448    0.021290   3.325     170620476
449    0.020505   3.340     170620478
450    0.021803   3.360     170620493
451    0.020300   3.361     170620477
452    0.020593   3.373     170620476
453    0.020407   3.368     170620477
454    0.019889   3.423     170620476
455    0.019267   3.382     170620475
456    0.020258   3.344     170620478
457    0.019925   3.422     170620477
458    0.020114   3.351     170620480
459    0.020390   3.368     170620474
460    0.019894   3.361     170620476
461    0.019571   3.458     170620477
462    0.020328   3.422     170620475
463    0.020339   3.361     170620475
464    0.020311   3.349     170620476
465    0.019619   3.445     170620477
466    0.020277   3.382     170620477
467    0.019816   3.438     170620477
468    0.020567   3.347     170620478
469    0.020617   3.364     170620477
470    0.020299   3.410     170620476
471    0.020289   3.354     170620477
472    0.020526   3.374     170620477
473    0.020393   3.365     170620476
474    0.020181   3.349     170620479
475    0.019848   3.366     170620475
476    0.019955   3.383     170620479
477    0.019660   3.449     170620478
478    0.020432   3.417     170620475
479    0.020049   3.378     170620477
480    0.020730   3.342     170620477
481    0.020011   3.415     170620477
482    0.020599   3.367     170620476
483    0.019609   3.405     170620478
484    0.021202   3.341     170620475
485    0.020368   3.442     170620475
486    0.020260   3.365     170620477
487    0.019956   3.434     170620476
488    0.019834   3.359     170620478
489    0.020546   3.386     170620476
490    0.020609   3.401     170620476
491    0.020470   3.370     170620476
492    0.019393   3.397     170620475
493    0.020491   3.387     170620477
494    0.020943   3.305     170620475
495    0.020595   3.367     170620478
496    0.020586   3.323     170620477
497    0.019962   3.371     170620477
498    0.021146   3.313     170620475
499    0.020459   3.347     170620476
500    0.020192   3.454     170620479
501    0.020356   3.345     170620475
502    0.020389   3.369     170620477
503    0.019977   3.427     170620477
504    0.019655   3.421     170620477
505    0.019869   3.445     170620478
506    0.020692   3.366     170620476
507    0.020254   3.392     170620479
508    0.020093   3.408     170620478
509    0.020933   3.369     170620478
510    0.020082   3.398     170620475
511    0.020030   3.415     170620477
512    0.020780   3.370     170620475
513    0.019988   3.445     170620477
514    0.019110   3.412     170620475
515    0.020568   3.427     170620477
516    0.020682   3.387     170620476
517    0.020492   3.356     170620478
518    0.020039   3.403     170620475
519    0.020362   3.355     170620478
520    0.020863   3.363     170620476
521    0.020224   3.354     170620477
522    0.019571   3.418     170620477
523    0.020333   3.367     170620480
524    0.019746   3.482     170620474
525    0.019872   3.405     170620477
526    0.019116   3.423     170620476
527    0.020848   3.383     170620477
528    0.020717   3.356     170620476
529    0.020051   3.363     170620475
530    0.020500   3.337     170620475
531    0.021192   3.342     170620477
532    0.020298   3.430     170620477
533    0.019639   3.403     170620478
534    0.019626   3.364     170620475
535    0.020228   3.355     170620476
536    0.019986   3.388     170620478
537    0.020113   3.450     170620478
538    0.020291   3.363     170620475
539    0.020264   3.359     170620480
540    0.020005   3.420     170620475
541    0.020537   3.410     170620476
542    0.019406   3.472     170620475
543    0.020286   3.374     170620476
544    0.019771   3.431     170620475
545    0.019689   3.458     170620478
546    0.020095   3.379     170620475
547    0.020504   3.386     170620476
548    0.020007   3.373     170620477
549    0.020201   3.360     170620475
550    0.020190   3.367     170620477
551    0.020508   3.338     170620478
552    0.020189   3.401     170620479
553    0.021269   3.325     170620478
554    0.021221   3.342     170620480
555    0.020890   3.351     170620475
556    0.021318   3.334     170620476
557    0.021329   3.351     170620475
558    0.021634   3.342     170620477
559    0.021469   3.342     170620478
560    0.020133   3.416     170620476
561    0.019963   3.369     170620476
562    0.020643   3.336     170620477
563    0.020269   3.331     170620477
564    0.018712   3.373     170620474
565    0.020635   3.347     170620476
566    0.019712   3.416     170620475
567    0.020178   3.391     170620477
568    0.019987   3.393     170620477
569    0.020163   3.391     170620480
570    0.019897   3.417     170620476
571    0.019692   3.403     170620477
572    0.019261   3.423     170620477
573    0.020345   3.353     170620477
574    0.019251   3.510     170620477
575    0.020382   3.361     170620475
576    0.019153   3.470     170620475
577    0.019293   3.442     170620479
578    0.020268   3.403     170620476
579    0.020459   3.378     170620476
580    0.019809   3.461     170620476
581    0.020577   3.353     170620477
582    0.020197   3.428     170620475
583    0.020454   3.370     170620475
584    0.020207   3.373     170620476
585    0.019920   3.442     170620477
586    0.020584   3.355     170620477
587    0.019851   3.406     170620479
588    0.019749   3.359     170620479
589    0.020607   3.385     170620476
590    0.020022   3.369     170620477
591    0.020761   3.348     170620479
592    0.020562   3.415     170620477
593    0.019994   3.407     170620477
594    0.019391   3.420     170620477
595    0.020226   3.346     170620479
596    0.020040   3.364     170620478
597    0.019375   3.433     170620477
598    0.019206   3.433     170620478
599    0.021269   3.404     170620476
600    0.019487   3.458     170620475
601    0.020379   3.341     170620476
602    0.020746   3.337     170620477
603    0.020316   3.376     170620479
604    0.019906   3.433     170620474
605    0.020369   3.396     170620476
606    0.019458   3.462     170620477
607    0.020449   3.427     170620475
608    0.021541   3.332     170620478
609    0.020533   3.360     170620481
610    0.020198   3.426     170620477
611    0.020083   3.407     170620476
612    0.019641   3.442     170620476
613    0.020202   3.427     170620476
614    0.020233   3.389     170620478
615    0.020813   3.352     170620481
616    0.019940   3.398     170620475
617    0.020425   3.385     170620477
618    0.020066   3.364     170620477
619    0.019507   3.411     170620477
620    0.022238   3.344     170620478
621    0.019469   3.362     170620475
622    0.018628   3.481     170620477
623    0.020656   3.342     170620476
624    0.020528   3.364     170620474
625    0.019748   3.407     170620475
626    0.019247   3.418     170620474
627    0.020314   3.390     170620478
628    0.020197   3.381     170620477
629    0.020268   3.431     170620478
630    0.019820   3.432     170620478
631    0.020405   3.384     170620478
632    0.020450   3.352     170620477
633    0.020277   3.395     170620477
634    0.020101   3.366     170620477
635    0.020129   3.404     170620474
636    0.019571   3.468     170620478
637    0.020574   3.340     170620478
638    0.020742   3.335     170620479
639    0.020061   3.417     170620476
640    0.020470   3.360     170620474
641    0.020315   3.374     170620476
642    0.020072   3.403     170620476
643    0.020402   3.384     170620477
644    0.020157   3.429     170620476
645    0.020378   3.365     170620476
646    0.019534   3.456     170620476
647    0.021326   3.338     170620475
648    0.020684   3.357     170620477
649    0.020270   3.362     170620475
650    0.020105   3.355     170620477
651    0.020525   3.401     170620478
652    0.019778   3.396     170620476
653    0.020586   3.354     170620474
654    0.020424   3.337     170620479
655    0.020131   3.378     170620476
656    0.020355   3.353     170620478
657    0.019707   3.416     170620475
658    0.019913   3.409     170620477
659    0.020009   3.344     170620478
660    0.020436   3.371     170620479
661    0.020129   3.349     170620476
662    0.019006   3.433     170620476
663    0.020270   3.391     170620478
664    0.020088   3.421     170620478
665    0.020151   3.361     170620476
666    0.019662   3.374     170620477
667    0.019928   3.409     170620476
668    0.019522   3.402     170620475
669    0.020221   3.352     170620479
670    0.020384   3.392     170620480
671    0.020283   3.364     170620476
672    0.019572   3.470     170620476
673    0.020059   3.368     170620475
674    0.019488   3.388     170620477
675    0.020282   3.386     170620475
676    0.020456   3.405     170620477
677    0.020608   3.393     170620477
678    0.019943   3.426     170620474
679    0.020140   3.395     170620477
680    0.019657   3.445     170620476
681    0.020865   3.340     170620476
682    0.020247   3.397     170620478
683    0.020668   3.389     170620477
684    0.020445   3.400     170620478
685    0.019645   3.419     170620478
686    0.020156   3.389     170620478
687    0.020077   3.415     170620476
688    0.018606   3.468     170620473
689    0.020424   3.434     170620477
690    0.019733   3.423     170620476
691    0.020269   3.369     170620478
692    0.020106   3.365     170620478
693    0.019846   3.395     170620477
694    0.018799   3.445     170620476
695    0.021250   3.392     170620475
696    0.020206   3.373     170620479
697    0.019377   3.454     170620476
698    0.020213   3.419     170620479
699    0.019974   3.350     170620477
700    0.019958   3.409     170620478
701    0.019576   3.356     170620477
702    0.020015   3.432     170620477
703    0.020202   3.407     170620476
704    0.020280   3.365     170620478
705    0.019733   3.355     170620478
706    0.020869   3.383     170620476
707    0.020204   3.450     170620478
708    0.020164   3.370     170620478
709    0.020307   3.399     170620479
710    0.020148   3.354     170620475
711    0.019537   3.379     170620474
712    0.019590   3.451     170620475
713    0.019655   3.381     170620478
714    0.020505   3.407     170620474
715    0.020268   3.367     170620478
716    0.020435   3.404     170620476
717    0.020254   3.367     170620477
718    0.020176   3.375     170620473
719    0.019831   3.423     170620476
720    0.020446   3.402     170620477
721    0.019368   3.420     170620479
722    0.020620   3.382     170620477
723    0.020921   3.338     170620478
724    0.020176   3.370     170620478
725    0.020099   3.386     170620476
726    0.020578   3.355     170620476
727    0.019784   3.417     170620477
728    0.020460   3.395     170620478
729    0.020120   3.354     170620477
730    0.020762   3.344     170620478
731    0.020511   3.350     170620477
732    0.020293   3.343     170620477
733    0.019743   3.455     170620477
734    0.019687   3.437     170620476
735    0.019459   3.428     170620476
736    0.020029   3.407     170620477
737    0.020176   3.420     170620478
738    0.020537   3.355     170620476
739    0.019597   3.374     170620475
740    0.020116   3.388     170620476
741    0.020118   3.369     170620475
742    0.019736   3.416     170620475
743    0.020086   3.381     170620477
744    0.020360   3.375     170620477
745    0.020319   3.351     170620478
746    0.020223   3.347     170620479
747    0.020241   3.385     170620475
748    0.020190   3.384     170620476
749    0.019506   3.432     170620475
750    0.020373   3.362     170620478
751    0.020734   3.358     170620477
752    0.019781   3.400     170620475
753    0.019631   3.357     170620477
754    0.020500   3.341     170620476
755    0.020633   3.380     170620478
756    0.020599   3.347     170620477
757    0.020799   3.366     170620475
758    0.020126   3.373     170620475
759    0.019348   3.375     170620475
760    0.019933   3.350     170620478
761    0.019369   3.395     170620476
762    0.020087   3.349     170620480
763    0.020642   3.348     170620478
764    0.019600   3.420     170620478
765    0.019756   3.371     170620475
766    0.020932   3.338     170620476
767    0.020617   3.358     170620474
768    0.019934   3.417     170620477
769    0.020214   3.365     170620477
770    0.019964   3.400     170620478
771    0.020109   3.349     170620477
772    0.021645   3.354     170620477
773    0.020990   3.352     170620477
774    0.021329   3.311     170620477
775    0.020938   3.328     170620476
776    0.021077   3.311     170620478
777    0.021049   3.309     170620474
778    0.021716   3.330     170620479
779    0.020958   3.331     170620478
780    0.020701   3.333     170620477
781    0.021289   3.366     170620477
782    0.020551   3.349     170620476
783    0.021387   3.326     170620477
784    0.021652   3.297     170620476
785    0.021297   3.337     170620479
786    0.020863   3.324     170620477
787    0.020430   3.368     170620480
788    0.020624   3.315     170620476
789    0.020919   3.353     170620480
790    0.020760   3.342     170620483
791    0.021148   3.341     170620476
792    0.020488   3.361     170620478
793    0.020967   3.344     170620479
794    0.020507   3.345     170620477
795    0.019862   3.425     170620476
796    0.020183   3.379     170620475
797    0.020556   3.347     170620477
798    0.020260   3.361     170620477
799    0.019637   3.385     170620476
800    0.020726   3.402     170620478
801    0.019810   3.356     170620478
802    0.020307   3.386     170620476
803    0.019537   3.424     170620477
804    0.019979   3.372     170620476
805    0.019862   3.402     170620474
806    0.020188   3.354     170620478
807    0.019967   3.383     170620477
808    0.020694   3.402     170620479
809    0.020208   3.436     170620477
810    0.020293   3.382     170620477
811    0.020237   3.395     170620476
812    0.020211   3.371     170620476
813    0.019532   3.436     170620477
814    0.020751   3.343     170620475
815    0.020685   3.353     170620476
816    0.019895   3.430     170620480
817    0.020299   3.393     170620477
818    0.019916   3.410     170620478
819    0.019445   3.388     170620476
820    0.020122   3.358     170620478
821    0.020206   3.366     170620474
822    0.019879   3.371     170620477
823    0.019934   3.427     170620476
824    0.020183   3.434     170620476
825    0.019759   3.398     170620476
826    0.019973   3.434     170620476
827    0.019686   3.369     170620478
828    0.020119   3.352     170620475
829    0.020260   3.383     170620476
830    0.020021   3.418     170620476
831    0.020481   3.360     170620476
832    0.020237   3.407     170620477
833    0.020099   3.361     170620476
834    0.020695   3.344     170620479
835    0.020599   3.385     170620480
836    0.019834   3.415     170620476
837    0.020191   3.357     170620476
838    0.020949   3.332     170620478
839    0.020623   3.348     170620477
840    0.019949   3.360     170620475
841    0.020329   3.408     170620477
842    0.020547   3.365     170620478
843    0.018635   3.468     170620474
844    0.020844   3.417     170620476
845    0.020763   3.355     170620478
846    0.019392   3.450     170620474
847    0.019690   3.379     170620475
848    0.021167   3.326     170620476
849    0.020989   3.387     170620477
850    0.020108   3.365     170620475
851    0.020211   3.397     170620476
852    0.020152   3.389     170620477
853    0.019976   3.356     170620477
854    0.020374   3.399     170620479
855    0.020224   3.342     170620478
856    0.020302   3.354     170620476
857    0.019786   3.351     170620478
858    0.020034   3.407     170620478
859    0.020527   3.378     170620478
860    0.019827   3.367     170620476
861    0.020314   3.362     170620478
862    0.020959   3.379     170620479
863    0.020638   3.421     170620477
864    0.019876   3.437     170620478
865    0.019694   3.390     170620477
866    0.020451   3.367     170620476
867    0.020198   3.419     170620476
868    0.019898   3.382     170620475
869    0.019124   3.433     170620475
870    0.020636   3.434     170620477
871    0.020251   3.364     170620477
872    0.019638   3.406     170620476
873    0.019635   3.449     170620474
874    0.020883   3.365     170620477
875    0.019754   3.421     170620479
876    0.020089   3.390     170620475
877    0.020569   3.351     170620476
878    0.020466   3.381     170620477
879    0.020833   3.336     170620477
880    0.020235   3.356     170620478
881    0.019151   3.461     170620475
882    0.020043   3.408     170620476
883    0.019964   3.432     170620477
884    0.020472   3.341     170620478
885    0.020964   3.325     170620477
886    0.019177   3.389     170620477
887    0.019473   3.393     170620478
888    0.021174   3.337     170620476
889    0.020992   3.400     170620478
890    0.020088   3.402     170620477
891    0.019273   3.381     170620475
892    0.020140   3.401     170620476
893    0.020152   3.365     170620477
894    0.020418   3.346     170620480
895    0.020501   3.349     170620474
896    0.020214   3.357     170620478
897    0.018834   3.442     170620475
898    0.020562   3.396     170620477
899    0.019511   3.459     170620477
900    0.020173   3.389     170620478
901    0.020458   3.412     170620479
902    0.020203   3.405     170620478
903    0.020024   3.396     170620480
904    0.020690   3.360     170620474
905    0.020089   3.381     170620475
906    0.020053   3.353     170620476
907    0.019668   3.419     170620477
908    0.020268   3.414     170620479
909    0.020696   3.353     170620477
910    0.019573   3.420     170620475
911    0.020028   3.415     170620474
912    0.020228   3.407     170620479
913    0.020197   3.352     170620477
914    0.021286   3.324     170620478
915    0.021145   3.346     170620479
916    0.019796   3.458     170620475
917    0.020416   3.370     170620476
918    0.019651   3.442     170620478
919    0.019934   3.427     170620476
920    0.020513   3.388     170620474
921    0.020324   3.410     170620476
922    0.019967   3.421     170620478
923    0.019766   3.362     170620477
924    0.019938   3.393     170620477
925    0.020192   3.394     170620477
926    0.020670   3.350     170620475
927    0.019991   3.403     170620477
928    0.020467   3.350     170620477
929    0.020046   3.362     170620480
930    0.020230   3.387     170620478
931    0.020128   3.403     170620477
932    0.020428   3.354     170620477
933    0.019837   3.360     170620478
934    0.020474   3.358     170620476
935    0.020018   3.368     170620475
936    0.019923   3.386     170620476
937    0.019405   3.373     170620475
938    0.020437   3.407     170620477
939    0.019817   3.359     170620477
940    0.019909   3.410     170620475
941    0.020539   3.364     170620476
942    0.019983   3.395     170620475
943    0.019575   3.432     170620476
944    0.021008   3.329     170620478
945    0.020756   3.358     170620479
946    0.020244   3.345     170620477
947    0.020586   3.340     170620478
948    0.019928   3.434     170620477
949    0.020469   3.344     170620478
950    0.020015   3.408     170620478
951    0.020027   3.372     170620476
952    0.020333   3.346     170620480
953    0.019703   3.403     170620479
954    0.020148   3.395     170620480
955    0.019880   3.412     170620475
956    0.020063   3.434     170620477
957    0.020793   3.403     170620477
958    0.020260   3.397     170620475
959    0.019604   3.440     170620476
960    0.020658   3.423     170620476
961    0.020560   3.374     170620476
962    0.019848   3.441     170620477
963    0.019738   3.408     170620476
964    0.020070   3.412     170620476
965    0.019977   3.380     170620475
966    0.019933   3.428     170620477
967    0.020114   3.350     170620478
968    0.020314   3.404     170620479
969    0.020211   3.351     170620477
970    0.020592   3.343     170620479
971    0.020210   3.420     170620476
972    0.019768   3.417     170620479
973    0.019897   3.406     170620480
974    0.019874   3.370     170620475
975    0.019558   3.417     170620474
976    0.020472   3.381     170620478
977    0.020582   3.409     170620478
978    0.020090   3.371     170620476
979    0.019792   3.407     170620475
980    0.020910   3.370     170620475
981    0.019473   3.375     170620476
982    0.020721   3.337     170620478
983    0.020453   3.366     170620474
984    0.020095   3.394     170620476
985    0.018809   3.444     170620475
986    0.019931   3.385     170620475
987    0.020039   3.362     170620477
988    0.019797   3.411     170620478
989    0.019588   3.454     170620476
990    0.020402   3.361     170620478
991    0.020067   3.425     170620478
992    0.020402   3.420     170620477
993    0.018900   3.404     170620477
994    0.019919   3.446     170620478
995    0.019977   3.365     170620477
996    0.020241   3.407     170620477
997    0.019572   3.448     170620476
998    0.020089   3.404     170620474
999    0.019918   3.440     170620475
1000    0.020472   3.395     170620478
